1
10 70
0000000000000000000000000000000000000000000000000000000000000000000000
0000011101101100010111011011000101100010001101001001101110110000000000
0000011101101100010111011011000101100010001101001001101110110000000000
0000011101101100010111011011000101100010001101001001101110110000000000
0000011101101100010111011011000101100010001101001001101110110000000000
0000011101101100010111011011000101100010001101001001101110110000000000
0000011101101100010111011011000101100010001101001001101110110000000000
0000011101101100010111011011000101100010001101001001101110110000000000
0000000000000000000000000000000000000000000000000000000000000000000000
0000000000000000000000000000000000000000000000000000000000000000000000


01110110110001011101101100010110001000110100100110111011